1700.000000  1.3089100e+00 
1710.000000  1.3089100e+00 
1720.000000  1.3089100e+00 
1730.000000  1.3089100e+00 
1740.000000  1.3089100e+00 
1750.000000  1.3089100e+00 
1760.000000  1.3089100e+00 
1770.000000  1.3089100e+00 
1780.000000  1.3089100e+00 
1790.000000  1.3089100e+00 
1800.000000  1.3089100e+00 
1810.000000  1.3089100e+00 
1820.000000  1.3089100e+00 
1830.000000  1.3089100e+00 
1840.000000  1.3089100e+00 
1850.000000  1.3089100e+00 
1860.000000  1.3089100e+00 
1870.000000  1.3089100e+00 
1880.000000  1.3089100e+00 
1890.000000  1.3089100e+00 
1900.000000  1.3089100e+00 
1910.000000  1.3089100e+00 
1920.000000  1.3089100e+00 
1930.000000  1.3089100e+00 
1940.000000  1.3089100e+00 
1950.000000  1.3089100e+00 
1960.000000  1.3089100e+00 
1970.000000  1.3089100e+00 
1980.000000  1.3089100e+00 
2000.000000  1.3089100e+00 
2010.000000  1.2784100e+00 
2020.000000  1.2487000e+00 
2030.000000  1.2197600e+00 
2040.000000  1.1915600e+00 
2050.000000  1.1641000e+00 
2060.000000  1.1373300e+00 
2070.000000  1.1112600e+00 
2080.000000  1.0858500e+00 
2090.000000  1.0610900e+00 
2100.000000  1.0369600e+00 
2110.000000  1.0134400e+00 
2120.000000  9.9052200e-01 
2130.000000  9.6818200e-01 
2140.000000  9.4640700e-01 
2150.000000  9.2518100e-01 
2160.000000  9.0448800e-01 
2170.000000  8.8431500e-01 
2180.000000  8.6464600e-01 
2190.000000  8.4547000e-01 
2200.000000  8.2677100e-01 
2210.000000  8.0853700e-01 
2220.000000  7.9075600e-01 
2230.000000  7.7341600e-01 
2240.000000  7.5650400e-01 
2250.000000  7.4000900e-01 
2260.000000  7.2392000e-01 
2270.000000  7.0822600e-01 
2280.000000  6.9291600e-01 
2290.000000  6.7798100e-01 
2300.000000  6.6341000e-01 
2310.000000  6.4919400e-01 
2320.000000  6.3532200e-01 
2330.000000  6.2178700e-01 
2340.000000  6.0857900e-01 
2350.000000  5.9569000e-01 
2360.000000  5.8311100e-01 
2370.000000  5.7083400e-01 
2380.000000  5.5885100e-01 
2390.000000  5.4715400e-01 
2400.000000  5.3573700e-01 
2410.000000  5.2459100e-01 
2420.000000  5.1371000e-01 
2430.000000  5.0308700e-01 
2440.000000  4.9271500e-01 
2450.000000  4.8258700e-01 
2460.000000  4.7269800e-01 
2470.000000  4.6304100e-01 
2480.000000  4.5361100e-01 
2490.000000  4.4440100e-01 
2500.000000  4.3540500e-01 
2510.000000  4.2661900e-01 
2520.000000  4.1803700e-01 
2530.000000  4.0965400e-01 
2540.000000  4.0146400e-01 
2550.000000  3.9346300e-01 
2560.000000  3.8564700e-01 
2570.000000  3.7801000e-01 
2580.000000  3.7054700e-01 
2590.000000  3.6325500e-01 
2600.000000  3.5613000e-01 
2610.000000  3.4916600e-01 
2620.000000  3.4236100e-01 
2630.000000  3.3570900e-01 
2640.000000  3.2920800e-01 
2650.000000  3.2285300e-01 
2660.000000  3.1664200e-01 
2670.000000  3.1056900e-01 
2680.000000  3.0463300e-01 
2690.000000  2.9882900e-01 
2700.000000  2.9315400e-01 
2710.000000  2.8760500e-01 
2720.000000  2.8218000e-01 
2730.000000  2.7687400e-01 
2740.000000  2.7168600e-01 
2750.000000  2.6661200e-01 
2760.000000  2.6164900e-01 
2770.000000  2.5679500e-01 
2780.000000  2.5204700e-01 
2790.000000  2.4740300e-01 
2800.000000  2.4286000e-01 
2810.000000  2.3841500e-01 
2820.000000  2.3406700e-01 
2830.000000  2.2981300e-01 
2840.000000  2.2565000e-01 
2850.000000  2.2157700e-01 
2860.000000  2.1759200e-01 
2870.000000  2.1369200e-01 
2880.000000  2.0987500e-01 
2890.000000  2.0613900e-01 
2900.000000  2.0248300e-01 
2910.000000  1.9890400e-01 
2920.000000  1.9540100e-01 
2930.000000  1.9197300e-01 
2940.000000  1.8861600e-01 
2950.000000  1.8533000e-01 
2960.000000  1.8211200e-01 
2970.000000  1.7896200e-01 
2980.000000  1.7587800e-01 
2990.000000  1.7285800e-01 
3000.000000  1.6990000e-01 
3010.000000  1.6700400e-01 
3020.000000  1.6416800e-01 
3030.000000  1.6139000e-01 
3040.000000  1.5866900e-01 
3050.000000  1.5600400e-01 
3060.000000  1.5339400e-01 
3070.000000  1.5083700e-01 
3080.000000  1.4833200e-01 
3090.000000  1.4587800e-01 
3100.000000  1.4347400e-01 
3110.000000  1.4111800e-01 
3120.000000  1.3881000e-01 
3130.000000  1.3654800e-01 
3140.000000  1.3433200e-01 
3150.000000  1.3216000e-01 
3160.000000  1.3003200e-01 
3170.000000  1.2794600e-01 
3180.000000  1.2590100e-01 
3190.000000  1.2389800e-01 
3200.000000  1.2193300e-01 
3210.000000  1.2000800e-01 
3220.000000  1.1812100e-01 
3230.000000  1.1627000e-01 
3240.000000  1.1445600e-01 
3250.000000  1.1267800e-01 
3260.000000  1.1093400e-01 
3270.000000  1.0922400e-01 
3280.000000  1.0754700e-01 
3290.000000  1.0590300e-01 
3300.000000  1.0429100e-01 
3310.000000  1.0271000e-01 
3320.000000  1.0115900e-01 
3330.000000  9.9637700e-02 
3340.000000  9.8145800e-02 
3350.000000  9.6682400e-02 
3360.000000  9.5246900e-02 
3370.000000  9.3838700e-02 
3380.000000  9.2457300e-02 
3390.000000  9.1102000e-02 
3400.000000  8.9772300e-02 
3410.000000  8.8467600e-02 
3420.000000  8.7187500e-02 
3430.000000  8.5931300e-02 
3440.000000  8.4698700e-02 
3450.000000  8.3489100e-02 
3460.000000  8.2302000e-02 
3470.000000  8.1137000e-02 
3480.000000  7.9993600e-02 
3490.000000  7.8871300e-02 
3500.000000  7.7769800e-02 
3510.000000  7.6688500e-02 
3520.000000  7.5627100e-02 
3530.000000  7.4585100e-02 
3540.000000  7.3562200e-02 
3550.000000  7.2557900e-02 
3560.000000  7.1572000e-02 
3570.000000  7.0603900e-02 
3580.000000  6.9653400e-02 
3590.000000  6.8720000e-02 
3600.000000  6.7803500e-02 
3610.000000  6.6903500e-02 
3620.000000  6.6019600e-02 
3630.000000  6.5151600e-02 
3640.000000  6.4299100e-02 
3650.000000  6.3461800e-02 
3660.000000  6.2639400e-02 
3670.000000  6.1831600e-02 
3680.000000  6.1038200e-02 
3690.000000  6.0258700e-02 
3700.000000  5.9493000e-02 
3710.000000  5.8740800e-02 
3720.000000  5.8001800e-02 
3730.000000  5.7275800e-02 
3740.000000  5.6562400e-02 
3750.000000  5.5861500e-02 
3760.000000  5.5172900e-02 
3770.000000  5.4496100e-02 
3780.000000  5.3831200e-02 
3790.000000  5.3177700e-02 
3800.000000  5.2535500e-02 
3810.000000  5.1904400e-02 
3820.000000  5.1284100e-02 
3830.000000  5.0674500e-02 
3840.000000  5.0075300e-02 
3850.000000  4.9486400e-02 
3860.000000  4.8907500e-02 
3870.000000  4.8338500e-02 
3880.000000  4.7779200e-02 
3890.000000  4.7229300e-02 
3900.000000  4.6688700e-02 
3910.000000  4.6157300e-02 
3920.000000  4.5634900e-02 
3930.000000  4.5121200e-02 
3940.000000  4.4616200e-02 
3950.000000  4.4119600e-02 
3960.000000  4.3631300e-02 
3970.000000  4.3151300e-02 
3980.000000  4.2679200e-02 
3990.000000  4.2214900e-02 
4000.000000  4.1758400e-02 
4010.000000  4.1309500e-02 
4020.000000  4.0868000e-02 
4030.000000  4.0433800e-02 
4040.000000  4.0006800e-02 
4050.000000  3.9586800e-02 
4060.000000  3.9173700e-02 
4070.000000  3.8767400e-02 
4080.000000  3.8367700e-02 
4090.000000  3.7974600e-02 
4100.000000  3.7588000e-02 
4110.000000  3.7207600e-02 
4120.000000  3.6833500e-02 
4130.000000  3.6465400e-02 
4140.000000  3.6103300e-02 
4150.000000  3.5747100e-02 
4160.000000  3.5396700e-02 
4170.000000  3.5051900e-02 
4180.000000  3.4712700e-02 
4190.000000  3.4379000e-02 
4200.000000  3.4050700e-02 
4210.000000  3.3727700e-02 
4220.000000  3.3409800e-02 
4230.000000  3.3097100e-02 
4240.000000  3.2789400e-02 
4250.000000  3.2486600e-02 
4260.000000  3.2188700e-02 
4270.000000  3.1895500e-02 
4280.000000  3.1607100e-02 
4290.000000  3.1323200e-02 
4300.000000  3.1043900e-02 
4310.000000  3.0769000e-02 
4320.000000  3.0498500e-02 
4330.000000  3.0232300e-02 
4340.000000  2.9970400e-02 
4350.000000  2.9712600e-02 
4360.000000  2.9458900e-02 
4370.000000  2.9209300e-02 
4380.000000  2.8963600e-02 
4390.000000  2.8721800e-02 
4400.000000  2.8483800e-02 
4410.000000  2.8249700e-02 
4420.000000  2.8019200e-02 
4430.000000  2.7792400e-02 
4440.000000  2.7569200e-02 
4450.000000  2.7349500e-02 
4460.000000  2.7133300e-02 
4470.000000  2.6920600e-02 
4480.000000  2.6711200e-02 
4490.000000  2.6505100e-02 
4500.000000  2.6302300e-02 
4510.000000  2.6102700e-02 
4520.000000  2.5906300e-02 
4530.000000  2.5713000e-02 
4540.000000  2.5522800e-02 
4550.000000  2.5335600e-02 
4560.000000  2.5151400e-02 
4570.000000  2.4970100e-02 
4580.000000  2.4791700e-02 
4590.000000  2.4616200e-02 
4600.000000  2.4443400e-02 
4610.000000  2.4273400e-02 
4620.000000  2.4106200e-02 
4630.000000  2.3941600e-02 
4640.000000  2.3779600e-02 
4650.000000  2.3620300e-02 
4660.000000  2.3463500e-02 
4670.000000  2.3309300e-02 
4680.000000  2.3157500e-02 
4690.000000  2.3008300e-02 
4700.000000  2.2861400e-02 
4710.000000  2.2716900e-02 
4720.000000  2.2574800e-02 
4730.000000  2.2435000e-02 
4740.000000  2.2297400e-02 
4750.000000  2.2162200e-02 
4760.000000  2.2029100e-02 
4770.000000  2.1898300e-02 
4780.000000  2.1769600e-02 
4790.000000  2.1643100e-02 
4800.000000  2.1518700e-02 
4810.000000  2.1396300e-02 
4820.000000  2.1276100e-02 
4830.000000  2.1157800e-02 
4840.000000  2.1041500e-02 
4850.000000  2.0927200e-02 
4860.000000  2.0814900e-02 
4870.000000  2.0704500e-02 
4880.000000  2.0596000e-02 
4890.000000  2.0489400e-02 
4900.000000  2.0384600e-02 
4910.000000  2.0281600e-02 
4920.000000  2.0180500e-02 
4930.000000  2.0081100e-02 
4940.000000  1.9983500e-02 
4950.000000  1.9887700e-02 
4960.000000  1.9793600e-02 
4970.000000  1.9701100e-02 
4980.000000  1.9610400e-02 
4990.000000  1.9521300e-02 
5000.000000  1.9433900e-02 
5010.000000  1.9348100e-02 
5020.000000  1.9263900e-02 
5030.000000  1.9181300e-02 
5040.000000  1.9100300e-02 
5050.000000  1.9020800e-02 
5060.000000  1.8942900e-02 
5070.000000  1.8866500e-02 
5080.000000  1.8791600e-02 
5090.000000  1.8718200e-02 
5100.000000  1.8646200e-02 
5110.000000  1.8575800e-02 
5120.000000  1.8506800e-02 
5130.000000  1.8439200e-02 
5140.000000  1.8373000e-02 
5150.000000  1.8308200e-02 
5160.000000  1.8244900e-02 
5170.000000  1.8182900e-02 
5180.000000  1.8122300e-02 
5190.000000  1.8063000e-02 
5200.000000  1.8005100e-02 
5210.000000  1.7948500e-02 
5220.000000  1.7893200e-02 
5230.000000  1.7839300e-02 
5240.000000  1.7786600e-02 
5250.000000  1.7735200e-02 
5260.000000  1.7685100e-02 
5270.000000  1.7636300e-02 
5280.000000  1.7588700e-02 
5290.000000  1.7542400e-02 
5300.000000  1.7497300e-02 
5310.000000  1.7453500e-02 
5320.000000  1.7410800e-02 
5330.000000  1.7369400e-02 
5340.000000  1.7329200e-02 
5350.000000  1.7290200e-02 
5360.000000  1.7252400e-02 
5370.000000  1.7215700e-02 
5380.000000  1.7180200e-02 
5390.000000  1.7145900e-02 
5400.000000  1.7112800e-02 
5410.000000  1.7080800e-02 
5420.000000  1.7050000e-02 
5430.000000  1.7020300e-02 
5440.000000  1.6991700e-02 
5450.000000  1.6964300e-02 
5460.000000  1.6938000e-02 
5470.000000  1.6912800e-02 
5480.000000  1.6888700e-02 
5490.000000  1.6865800e-02 
5500.000000  1.6843900e-02 
5510.000000  1.6823200e-02 
5520.000000  1.6803500e-02 
5530.000000  1.6785000e-02 
5540.000000  1.6767500e-02 
5550.000000  1.6751100e-02 
5560.000000  1.6735800e-02 
5570.000000  1.6721600e-02 
5580.000000  1.6708500e-02 
5590.000000  1.6696400e-02 
5600.000000  1.6685400e-02 
5610.000000  1.6675500e-02 
5620.000000  1.6666700e-02 
5630.000000  1.6658900e-02 
5640.000000  1.6652200e-02 
5650.000000  1.6646600e-02 
5660.000000  1.6642000e-02 
5670.000000  1.6638500e-02 
5680.000000  1.6636000e-02 
5690.000000  1.6634600e-02 
5700.000000  1.6634300e-02 
5710.000000  1.6635000e-02 
5720.000000  1.6636800e-02 
5730.000000  1.6639700e-02 
5740.000000  1.6643600e-02 
5750.000000  1.6648600e-02 
5760.000000  1.6654700e-02 
5770.000000  1.6661800e-02 
5780.000000  1.6670000e-02 
5790.000000  1.6679200e-02 
5800.000000  1.6689500e-02 
5810.000000  1.6700900e-02 
5820.000000  1.6713400e-02 
5830.000000  1.6727000e-02 
5840.000000  1.6741600e-02 
5850.000000  1.6757300e-02 
5860.000000  1.6774100e-02 
5870.000000  1.6792000e-02 
5880.000000  1.6811000e-02 
5890.000000  1.6831000e-02 
5900.000000  1.6852200e-02 
5910.000000  1.6874500e-02 
5920.000000  1.6897900e-02 
5930.000000  1.6922400e-02 
5940.000000  1.6948000e-02 
5950.000000  1.6974700e-02 
5960.000000  1.7002600e-02 
5970.000000  1.7031600e-02 
5980.000000  1.7061700e-02 
5990.000000  1.7093000e-02 
6000.000000  1.7125500e-02 
6010.000000  1.7159000e-02 
6020.000000  1.7193800e-02 
6030.000000  1.7229700e-02 
6040.000000  1.7266800e-02 
6050.000000  1.7305100e-02 
6060.000000  1.7344600e-02 
6070.000000  1.7385300e-02 
6080.000000  1.7427200e-02 
6090.000000  1.7470300e-02 
6100.000000  1.7514600e-02 
6110.000000  1.7560200e-02 
6120.000000  1.7607000e-02 
6130.000000  1.7655000e-02 
6140.000000  1.7704300e-02 
6150.000000  1.7754900e-02 
6160.000000  1.7806800e-02 
6170.000000  1.7859900e-02 
6180.000000  1.7914400e-02 
6190.000000  1.7970200e-02 
6200.000000  1.8027300e-02 
6210.000000  1.8085700e-02 
6220.000000  1.8145500e-02 
6230.000000  1.8206700e-02 
6240.000000  1.8269200e-02 
6250.000000  1.8333100e-02 
6260.000000  1.8398400e-02 
6270.000000  1.8465100e-02 
6280.000000  1.8533200e-02 
6290.000000  1.8602800e-02 
6300.000000  1.8673800e-02 
6310.000000  1.8746300e-02 
6320.000000  1.8820300e-02 
6330.000000  1.8895800e-02 
6340.000000  1.8972800e-02 
6350.000000  1.9051300e-02 
6360.000000  1.9131400e-02 
6370.000000  1.9213000e-02 
6380.000000  1.9296200e-02 
6390.000000  1.9381000e-02 
6400.000000  1.9467500e-02 
6410.000000  1.9555500e-02 
6420.000000  1.9645200e-02 
6430.000000  1.9736600e-02 
6440.000000  1.9829700e-02 
6450.000000  1.9924500e-02 
6460.000000  2.0021000e-02 
6470.000000  2.0119300e-02 
6480.000000  2.0219300e-02 
6490.000000  2.0321100e-02 
6500.000000  2.0424800e-02 
6510.000000  2.0530300e-02 
6520.000000  2.0637600e-02 
6530.000000  2.0746900e-02 
6540.000000  2.0858000e-02 
6550.000000  2.0971100e-02 
6560.000000  2.1086200e-02 
6570.000000  2.1203200e-02 
6580.000000  2.1322200e-02 
6590.000000  2.1443300e-02 
6600.000000  2.1566500e-02 
6610.000000  2.1691700e-02 
6620.000000  2.1819100e-02 
6630.000000  2.1948600e-02 
6640.000000  2.2080200e-02 
6650.000000  2.2214100e-02 
6660.000000  2.2350300e-02 
6670.000000  2.2488700e-02 
6680.000000  2.2629400e-02 
6690.000000  2.2772400e-02 
6700.000000  2.2917800e-02 
6710.000000  2.3065600e-02 
6720.000000  2.3215800e-02 
6730.000000  2.3368500e-02 
6740.000000  2.3523800e-02 
6750.000000  2.3681500e-02 
6760.000000  2.3841800e-02 
6770.000000  2.4004800e-02 
6780.000000  2.4170400e-02 
6790.000000  2.4338700e-02 
6800.000000  2.4509800e-02 
6810.000000  2.4683600e-02 
6820.000000  2.4860200e-02 
6830.000000  2.5039700e-02 
6840.000000  2.5222100e-02 
6850.000000  2.5407500e-02 
6860.000000  2.5595900e-02 
6870.000000  2.5787300e-02 
6880.000000  2.5981800e-02 
6890.000000  2.6179400e-02 
6900.000000  2.6380200e-02 
6910.000000  2.6584300e-02 
6920.000000  2.6791600e-02 
6930.000000  2.7002300e-02 
6940.000000  2.7216400e-02 
6950.000000  2.7433900e-02 
6960.000000  2.7654900e-02 
6970.000000  2.7879500e-02 
6980.000000  2.8107700e-02 
6990.000000  2.8339600e-02 
7000.000000  2.8575200e-02 
7010.000000  2.8814700e-02 
7020.000000  2.9058000e-02 
7030.000000  2.9305200e-02 
7040.000000  2.9556400e-02 
7050.000000  2.9811600e-02 
7060.000000  3.0071000e-02 
7070.000000  3.0334600e-02 
7080.000000  3.0602400e-02 
7090.000000  3.0874600e-02 
7100.000000  3.1151200e-02 
7110.000000  3.1432200e-02 
7120.000000  3.1717900e-02 
7130.000000  3.2008100e-02 
7140.000000  3.2303100e-02 
7150.000000  3.2602900e-02 
7160.000000  3.2907600e-02 
7170.000000  3.3217200e-02 
7180.000000  3.3531900e-02 
7190.000000  3.3851700e-02 
7200.000000  3.4176800e-02 
7210.000000  3.4507200e-02 
7220.000000  3.4843000e-02 
7230.000000  3.5184300e-02 
7240.000000  3.5531300e-02 
7250.000000  3.5883900e-02 
7260.000000  3.6242400e-02 
7270.000000  3.6606700e-02 
7280.000000  3.6977100e-02 
7290.000000  3.7353700e-02 
7300.000000  3.7736500e-02 
7310.000000  3.8125600e-02 
7320.000000  3.8521200e-02 
7330.000000  3.8923400e-02 
7340.000000  3.9332300e-02 
7350.000000  3.9748000e-02 
7360.000000  4.0170700e-02 
7370.000000  4.0600500e-02 
7380.000000  4.1037500e-02 
7390.000000  4.1481900e-02 
7400.000000  4.1933700e-02 
7410.000000  4.2393200e-02 
7420.000000  4.2860500e-02 
7430.000000  4.3335600e-02 
7440.000000  4.3818800e-02 
7450.000000  4.4310300e-02 
7460.000000  4.4810100e-02 
7470.000000  4.5318400e-02 
7480.000000  4.5835500e-02 
7490.000000  4.6361400e-02 
7500.000000  4.6896300e-02 
7510.000000  4.7440400e-02 
7520.000000  4.7993900e-02 
7530.000000  4.8557000e-02 
7540.000000  4.9129800e-02 
7550.000000  4.9712500e-02 
7560.000000  5.0305400e-02 
7570.000000  5.0908600e-02 
7580.000000  5.1522300e-02 
7590.000000  5.2146700e-02 
7600.000000  5.2782100e-02 
7610.000000  5.3428600e-02 
7620.000000  5.4086500e-02 
7630.000000  5.4755900e-02 
7640.000000  5.5437300e-02 
7650.000000  5.6130600e-02 
7660.000000  5.6836300e-02 
7670.000000  5.7554500e-02 
7680.000000  5.8285500e-02 
7690.000000  5.9029600e-02 
7700.000000  5.9787000e-02 
7710.000000  6.0557900e-02 
7720.000000  6.1342800e-02 
7730.000000  6.2141700e-02 
7740.000000  6.2955100e-02 
7750.000000  6.3783200e-02 
7760.000000  6.4626400e-02 
7770.000000  6.5484800e-02 
7780.000000  6.6358900e-02 
7790.000000  6.7249000e-02 
7800.000000  6.8155300e-02 
7810.000000  6.9078300e-02 
7820.000000  7.0018200e-02 
7830.000000  7.0975500e-02 
7840.000000  7.1950400e-02 
7850.000000  7.2943400e-02 
7860.000000  7.3954800e-02 
7870.000000  7.4985000e-02 
7880.000000  7.6034400e-02 
7890.000000  7.7103500e-02 
7900.000000  7.8192500e-02 
7910.000000  7.9302000e-02 
7920.000000  8.0432400e-02 
7930.000000  8.1584100e-02 
7940.000000  8.2757600e-02 
7950.000000  8.3953300e-02 
7960.000000  8.5171800e-02 
7970.000000  8.6413400e-02 
7980.000000  8.7678700e-02 
7990.000000  8.8968300e-02 
8000.000000  9.0282500e-02 
8010.000000  9.1622000e-02 
8020.000000  9.2987400e-02 
8030.000000  9.4379100e-02 
8040.000000  9.5797800e-02 
8050.000000  9.7243900e-02 
8060.000000  9.8718300e-02 
8070.000000  1.0022100e-01 
8080.000000  1.0175400e-01 
8090.000000  1.0331600e-01 
8100.000000  1.0490900e-01 
8110.000000  1.0653400e-01 
8120.000000  1.0819100e-01 
8130.000000  1.0988000e-01 
8140.000000  1.1160300e-01 
8150.000000  1.1336000e-01 
8160.000000  1.1515200e-01 
8170.000000  1.1698000e-01 
8180.000000  1.1884500e-01 
8190.000000  1.2074700e-01 
8200.000000  1.2268700e-01 
8210.000000  1.2466600e-01 
8220.000000  1.2668600e-01 
8230.000000  1.2874600e-01 
8240.000000  1.3084800e-01 
8250.000000  1.3299300e-01 
8260.000000  1.3518200e-01 
8270.000000  1.3741600e-01 
8280.000000  1.3969500e-01 
8290.000000  1.4202200e-01 
8300.000000  1.4439600e-01 
8310.000000  1.4681900e-01 
8320.000000  1.4929300e-01 
8330.000000  1.5181800e-01 
8340.000000  1.5439500e-01 
8350.000000  1.5702600e-01 
8360.000000  1.5971300e-01 
8370.000000  1.6245500e-01 
8380.000000  1.6525600e-01 
8390.000000  1.6811500e-01 
8400.000000  1.7103400e-01 
8410.000000  1.7401600e-01 
8420.000000  1.7706100e-01 
8430.000000  1.8017000e-01 
8440.000000  1.8334600e-01 
8450.000000  1.8659000e-01 
8460.000000  1.8990300e-01 
8470.000000  1.9328700e-01 
8480.000000  1.9674500e-01 
8490.000000  2.0027700e-01 
8500.000000  2.0388500e-01 
8510.000000  2.0757200e-01 
8520.000000  2.1133800e-01 
8530.000000  2.1518700e-01 
8540.000000  2.1912000e-01 
8550.000000  2.2313900e-01 
8560.000000  2.2724600e-01 
8570.000000  2.3144400e-01 
8580.000000  2.3573400e-01 
8590.000000  2.4011900e-01 
8600.000000  2.4460200e-01 
8610.000000  2.4918400e-01 
8620.000000  2.5386700e-01 
8630.000000  2.5865600e-01 
8640.000000  2.6355200e-01 
8650.000000  2.6855700e-01 
8660.000000  2.7367500e-01 
8670.000000  2.7890800e-01 
8680.000000  2.8426000e-01 
8690.000000  2.8973200e-01 
8700.000000  2.9532900e-01 
8710.000000  3.0105300e-01 
8720.000000  3.0690800e-01 
8730.000000  3.1289700e-01 
8740.000000  3.1902300e-01 
8750.000000  3.2528900e-01 
8760.000000  3.3170000e-01 
8770.000000  3.3825900e-01 
8780.000000  3.4496900e-01 
8790.000000  3.5183500e-01 
8800.000000  3.5886100e-01 
8810.000000  3.6605000e-01 
8820.000000  3.7340700e-01 
8830.000000  3.8093600e-01 
8840.000000  3.8864200e-01 
8850.000000  3.9653000e-01 
8860.000000  4.0460300e-01 
8870.000000  4.1286600e-01 
8880.000000  4.2132600e-01 
8890.000000  4.2998600e-01 
8900.000000  4.3885200e-01 
8910.000000  4.4793000e-01 
8920.000000  4.5722400e-01 
8930.000000  4.6674200e-01 
8940.000000  4.7648800e-01 
8950.000000  4.8646800e-01 
8960.000000  4.9668900e-01 
8970.000000  5.0715700e-01 
8980.000000  5.1787900e-01 
8990.000000  5.2886200e-01 
9000.000000  5.4011100e-01 
9010.000000  5.5163500e-01 
9020.000000  5.6344200e-01 
9030.000000  5.7553700e-01 
9040.000000  5.8793000e-01 
9050.000000  6.0062800e-01 
9060.000000  6.1363900e-01 
9070.000000  6.2697200e-01 
9080.000000  6.4063600e-01 
9090.000000  6.5464000e-01 
9100.000000  6.6899200e-01 
9110.000000  6.8370200e-01 
9120.000000  6.9878100e-01 
9130.000000  7.1423800e-01 
9140.000000  7.3008300e-01 
9150.000000  7.4632700e-01 
9160.000000  7.6298200e-01 
9170.000000  7.8005800e-01 
9180.000000  7.9756700e-01 
9190.000000  8.1552100e-01 
9200.000000  8.3393300e-01 
9210.000000  8.3393300e-01 
9220.000000  8.3340453e-01 
9230.000000  8.3287605e-01 
9240.000000  8.3234758e-01 
9250.000000  8.3181910e-01 
9260.000000  8.3129063e-01 
9270.000000  8.3076215e-01 
9280.000000  8.3023368e-01 
9290.000000  8.2970520e-01 
9300.000000  8.2917673e-01 
9310.000000  8.2864825e-01 
9320.000000  8.2811978e-01 
9330.000000  8.2759130e-01 
9340.000000  8.2706283e-01 
9350.000000  8.2653435e-01 
9360.000000  8.2600588e-01 
9370.000000  8.2547741e-01 
9380.000000  8.2494893e-01 
9390.000000  8.2442046e-01 
9400.000000  8.2389198e-01 
9410.000000  8.2336351e-01 
9420.000000  8.2283503e-01 
9430.000000  8.2230656e-01 
9440.000000  8.2177808e-01 
9450.000000  8.2124961e-01 
9460.000000  8.2072113e-01 
9470.000000  8.2019266e-01 
9480.000000  8.1966418e-01 
9490.000000  8.1913571e-01 
9500.000000  8.1860724e-01 
9510.000000  8.1807876e-01 
9520.000000  8.1755029e-01 
9530.000000  8.1702181e-01 
9540.000000  8.1649334e-01 
9550.000000  8.1596486e-01 
9560.000000  8.1543639e-01 
9570.000000  8.1490791e-01 
9580.000000  8.1437944e-01 
9590.000000  8.1385096e-01 
9600.000000  8.1332249e-01 
9610.000000  8.1279401e-01 
9620.000000  8.1226554e-01 
9630.000000  8.1173706e-01 
9640.000000  8.1120859e-01 
9650.000000  8.1068012e-01 
9660.000000  8.1015164e-01 
9670.000000  8.0962317e-01 
9680.000000  8.0909469e-01 
9690.000000  8.0856622e-01 
9700.000000  8.0803774e-01 
9710.000000  8.0750927e-01 
9720.000000  8.0698079e-01 
9730.000000  8.0645232e-01 
9740.000000  8.0592384e-01 
9750.000000  8.0539537e-01 
9760.000000  8.0486689e-01 
9770.000000  8.0433842e-01 
9780.000000  8.0380994e-01 
9790.000000  8.0328147e-01 
9800.000000  8.0275300e-01 
9810.000000  8.0222452e-01 
9820.000000  8.0169605e-01 
9830.000000  8.0116757e-01 
9840.000000  8.0063910e-01 
9850.000000  8.0011062e-01 
9860.000000  7.9958215e-01 
9870.000000  7.9905367e-01 
9880.000000  7.9852520e-01 
9890.000000  7.9799672e-01 
9900.000000  7.9746825e-01 
9910.000000  7.9693977e-01 
9920.000000  7.9641130e-01 
9930.000000  7.9588283e-01 
9940.000000  7.9535435e-01 
9950.000000  7.9482588e-01 
9960.000000  7.9429740e-01 
9970.000000  7.9376893e-01 
9980.000000  7.9324045e-01 
9990.000000  7.9271198e-01 
10000.000000  7.9218350e-01 
10010.000000  7.9165503e-01 
10020.000000  7.9112655e-01 
10030.000000  7.9059808e-01 
10040.000000  7.9006960e-01 
10050.000000  7.8954113e-01 
10060.000000  7.8901265e-01 
10070.000000  7.8848418e-01 
10080.000000  7.8795571e-01 
10090.000000  7.8742723e-01 
10100.000000  7.8689876e-01 
10110.000000  7.8637028e-01 
10120.000000  7.8584181e-01 
10130.000000  7.8531333e-01 
10140.000000  7.8478486e-01 
10150.000000  7.8425638e-01 
10160.000000  7.8372791e-01 
10170.000000  7.8319943e-01 
10180.000000  7.8267096e-01 
10190.000000  7.8214248e-01 
10200.000000  7.8161401e-01 
10210.000000  7.8108553e-01 
10220.000000  7.8055706e-01 
10230.000000  7.8002859e-01 
10240.000000  7.7950011e-01 
10250.000000  7.7897164e-01 
10260.000000  7.7844316e-01 
10270.000000  7.7791469e-01 
10280.000000  7.7738621e-01 
10290.000000  7.7685774e-01 
10300.000000  7.7632926e-01 
10310.000000  7.7580079e-01 
10320.000000  7.7527231e-01 
10330.000000  7.7474384e-01 
10340.000000  7.7421536e-01 
10350.000000  7.7368689e-01 
10360.000000  7.7315842e-01 
10370.000000  7.7262994e-01 
10380.000000  7.7210147e-01 
10390.000000  7.7157299e-01 
10400.000000  7.7104452e-01 
10410.000000  7.7051604e-01 
10420.000000  7.6998757e-01 
10430.000000  7.6945909e-01 
10440.000000  7.6893062e-01 
10450.000000  7.6840214e-01 
10460.000000  7.6787367e-01 
10470.000000  7.6734519e-01 
10480.000000  7.6681672e-01 
10490.000000  7.6628824e-01 
10500.000000  7.6575977e-01 
10510.000000  7.6523130e-01 
10520.000000  7.6470282e-01 
10530.000000  7.6417435e-01 
10540.000000  7.6364587e-01 
10550.000000  7.6311740e-01 
10560.000000  7.6258892e-01 
10570.000000  7.6206045e-01 
10580.000000  7.6153197e-01 
10590.000000  7.6100350e-01 
10600.000000  7.6047502e-01 
10610.000000  7.5994655e-01 
10620.000000  7.5941807e-01 
10630.000000  7.5888960e-01 
10640.000000  7.5836112e-01 
10650.000000  7.5783265e-01 
10660.000000  7.5730418e-01 
10670.000000  7.5677570e-01 
10680.000000  7.5624723e-01 
10690.000000  7.5571875e-01 
10700.000000  7.5519028e-01 
10710.000000  7.5466180e-01 
10720.000000  7.5413333e-01 
10730.000000  7.5360485e-01 
10740.000000  7.5307638e-01 
10750.000000  7.5254790e-01 
10760.000000  7.5201943e-01 
10770.000000  7.5149095e-01 
10780.000000  7.5096248e-01 
10790.000000  7.5043401e-01 
10800.000000  7.4990553e-01 
10810.000000  7.4937706e-01 
10820.000000  7.4884858e-01 
10830.000000  7.4832011e-01 
10840.000000  7.4779163e-01 
10850.000000  7.4726316e-01 
10860.000000  7.4673468e-01 
10870.000000  7.4620621e-01 
10880.000000  7.4567773e-01 
10890.000000  7.4514926e-01 
10900.000000  7.4462078e-01 
10910.000000  7.4409231e-01 
10920.000000  7.4356383e-01 
10930.000000  7.4303536e-01 
10940.000000  7.4250689e-01 
10950.000000  7.4197841e-01 
10960.000000  7.4144994e-01 
10970.000000  7.4092146e-01 
10980.000000  7.4039299e-01 
10990.000000  7.3986451e-01 
11000.000000  7.3933604e-01 
11010.000000  7.3880756e-01 
11020.000000  7.3827909e-01 
11030.000000  7.3775061e-01 
11040.000000  7.3722214e-01 
11050.000000  7.3669366e-01 
11060.000000  7.3616519e-01 
11070.000000  7.3563671e-01 
11080.000000  7.3510824e-01 
11090.000000  7.3457977e-01 
11100.000000  7.3405129e-01 
11110.000000  7.3352282e-01 
11120.000000  7.3299434e-01 
11130.000000  7.3246587e-01 
11140.000000  7.3193739e-01 
11150.000000  7.3140892e-01 
11160.000000  7.3088044e-01 
11170.000000  7.3035197e-01 
11180.000000  7.2982349e-01 
11190.000000  7.2929502e-01 
11200.000000  7.2876654e-01 
11210.000000  7.2823807e-01 
11220.000000  7.2770960e-01 
11230.000000  7.2718112e-01 
11240.000000  7.2665265e-01 
11250.000000  7.2612417e-01 
11260.000000  7.2559570e-01 
11270.000000  7.2506722e-01 
11280.000000  7.2453875e-01 
11290.000000  7.2401027e-01 
11300.000000  7.2348180e-01 
11310.000000  7.2295332e-01 
11320.000000  7.2242485e-01 
11330.000000  7.2189637e-01 
11340.000000  7.2136790e-01 
11350.000000  7.2083942e-01 
11360.000000  7.2031095e-01 
11370.000000  7.1978248e-01 
11380.000000  7.1925400e-01 
11390.000000  7.1872553e-01 
11400.000000  7.1819705e-01 
11410.000000  7.1766858e-01 
11420.000000  7.1714010e-01 
11430.000000  7.1661163e-01 
11440.000000  7.1608315e-01 
11450.000000  7.1555468e-01 
11460.000000  7.1502620e-01 
11470.000000  7.1449773e-01 
11480.000000  7.1396925e-01 
11490.000000  7.1344078e-01 
11500.000000  7.1291230e-01 
11510.000000  7.1238383e-01 
11520.000000  7.1185536e-01 
11530.000000  7.1132688e-01 
11540.000000  7.1079841e-01 
11550.000000  7.1026993e-01 
11560.000000  7.0974146e-01 
11570.000000  7.0921298e-01 
11580.000000  7.0868451e-01 
11590.000000  7.0815603e-01 
11600.000000  7.0762756e-01 
11610.000000  7.0709908e-01 
11620.000000  7.0657061e-01 
11630.000000  7.0604213e-01 
11640.000000  7.0551366e-01 
11650.000000  7.0498519e-01 
11660.000000  7.0445671e-01 
11670.000000  7.0392824e-01 
11680.000000  7.0339976e-01 
11690.000000  7.0287129e-01 
11700.000000  7.0234281e-01 
11710.000000  7.0181434e-01 
11720.000000  7.0128586e-01 
11730.000000  7.0075739e-01 
11740.000000  7.0022891e-01 
11750.000000  6.9970044e-01 
11760.000000  6.9917196e-01 
11770.000000  6.9864349e-01 
11780.000000  6.9811501e-01 
11790.000000  6.9758654e-01 
11800.000000  6.9705807e-01 
11810.000000  6.9652959e-01 
11820.000000  6.9600112e-01 
11830.000000  6.9547264e-01 
11840.000000  6.9494417e-01 
11850.000000  6.9441569e-01 
11860.000000  6.9388722e-01 
11870.000000  6.9335874e-01 
11880.000000  6.9283027e-01 
11890.000000  6.9230179e-01 
11900.000000  6.9177332e-01 
11910.000000  6.9124484e-01 
11920.000000  6.9071637e-01 
11930.000000  6.9018789e-01 
11940.000000  6.8965942e-01 
11950.000000  6.8913095e-01 
11960.000000  6.8860247e-01 
11970.000000  6.8807400e-01 
11980.000000  6.8754552e-01 
11990.000000  6.8701705e-01 
12000.000000  6.8648857e-01 
12010.000000  6.8596010e-01 
12020.000000  6.8543162e-01 
12030.000000  6.8490315e-01 
12040.000000  6.8437467e-01 
12050.000000  6.8384620e-01 
12060.000000  6.8331772e-01 
12070.000000  6.8278925e-01 
12080.000000  6.8226078e-01 
12090.000000  6.8173230e-01 
12100.000000  6.8120383e-01 
12110.000000  6.8067535e-01 
12120.000000  6.8014688e-01 
12130.000000  6.7961840e-01 
12140.000000  6.7908993e-01 
12150.000000  6.7856145e-01 
12160.000000  6.7803298e-01 
12170.000000  6.7750450e-01 
12180.000000  6.7697603e-01 
12190.000000  6.7644755e-01 
12200.000000  6.7591908e-01 
12210.000000  6.7539060e-01 
12220.000000  6.7486213e-01 
12230.000000  6.7433366e-01 
12240.000000  6.7380518e-01 
12250.000000  6.7327671e-01 
12260.000000  6.7274823e-01 
12270.000000  6.7221976e-01 
12280.000000  6.7169128e-01 
12290.000000  6.7116281e-01 
12300.000000  6.7063433e-01 
12310.000000  6.7010586e-01 
12320.000000  6.6957738e-01 
12330.000000  6.6904891e-01 
12340.000000  6.6852043e-01 
12350.000000  6.6799196e-01 
12360.000000  6.6746348e-01 
12370.000000  6.6693501e-01 
12380.000000  6.6640654e-01 
12390.000000  6.6587806e-01 
12400.000000  6.6534959e-01 
12410.000000  6.6482111e-01 
12420.000000  6.6429264e-01 
12430.000000  6.6376416e-01 
12440.000000  6.6323569e-01 
12450.000000  6.6270721e-01 
12460.000000  6.6217874e-01 
12470.000000  6.6165026e-01 
12480.000000  6.6112179e-01 
12490.000000  6.6059331e-01 
12500.000000  6.6006484e-01 
12510.000000  6.5953637e-01 
12520.000000  6.5900789e-01 
12530.000000  6.5847942e-01 
12540.000000  6.5795094e-01 
12550.000000  6.5742247e-01 
12560.000000  6.5689399e-01 
12570.000000  6.5636552e-01 
12580.000000  6.5583704e-01 
12590.000000  6.5530857e-01 
12600.000000  6.5478009e-01 
12610.000000  6.5425162e-01 
12620.000000  6.5372314e-01 
12630.000000  6.5319467e-01 
12640.000000  6.5266619e-01 
12650.000000  6.5213772e-01 
12660.000000  6.5160925e-01 
12670.000000  6.5108077e-01 
12680.000000  6.5055230e-01 
12690.000000  6.5002382e-01 
12700.000000  6.4949535e-01 
12710.000000  6.4896687e-01 
12720.000000  6.4843840e-01 
12730.000000  6.4790992e-01 
12740.000000  6.4738145e-01 
12750.000000  6.4685297e-01 
12760.000000  6.4632450e-01 
12770.000000  6.4579602e-01 
12780.000000  6.4526755e-01 
12790.000000  6.4473907e-01 
12800.000000  6.4421060e-01 
12810.000000  6.4368213e-01 
12820.000000  6.4315365e-01 
12830.000000  6.4262518e-01 
12840.000000  6.4209670e-01 
12850.000000  6.4156823e-01 
12860.000000  6.4103975e-01 
12870.000000  6.4051128e-01 
12880.000000  6.3998280e-01 
12890.000000  6.3945433e-01 
12900.000000  6.3892585e-01 
12910.000000  6.3839738e-01 
12920.000000  6.3786890e-01 
12930.000000  6.3734043e-01 
12940.000000  6.3681196e-01 
12950.000000  6.3628348e-01 
12960.000000  6.3575501e-01 
12970.000000  6.3522653e-01 
12980.000000  6.3469806e-01 
12990.000000  6.3416958e-01 
13000.000000  6.3364111e-01 
13010.000000  6.3311263e-01 
13020.000000  6.3258416e-01 
13030.000000  6.3205568e-01 
13040.000000  6.3152721e-01 
13050.000000  6.3099873e-01 
13060.000000  6.3047026e-01 
13070.000000  6.2994178e-01 
13080.000000  6.2941331e-01 
13090.000000  6.2888484e-01 
13100.000000  6.2835636e-01 
13110.000000  6.2782789e-01 
13120.000000  6.2729941e-01 
13130.000000  6.2677094e-01 
13140.000000  6.2624246e-01 
13150.000000  6.2571399e-01 
13160.000000  6.2518551e-01 
13170.000000  6.2465704e-01 
13180.000000  6.2412856e-01 
13190.000000  6.2360009e-01 
13200.000000  6.2307161e-01 
13210.000000  6.2254314e-01 
13220.000000  6.2201466e-01 
13230.000000  6.2148619e-01 
13240.000000  6.2095772e-01 
13250.000000  6.2042924e-01 
13260.000000  6.1990077e-01 
13270.000000  6.1937229e-01 
13280.000000  6.1884382e-01 
13290.000000  6.1831534e-01 
13300.000000  6.1778687e-01 
13310.000000  6.1725839e-01 
13320.000000  6.1672992e-01 
13330.000000  6.1620144e-01 
13340.000000  6.1567297e-01 
13350.000000  6.1514449e-01 
13360.000000  6.1461602e-01 
13370.000000  6.1408754e-01 
13380.000000  6.1355907e-01 
13390.000000  6.1303060e-01 
13400.000000  6.1250212e-01 
13410.000000  6.1197365e-01 
13420.000000  6.1144517e-01 
13430.000000  6.1091670e-01 
13440.000000  6.1038822e-01 
13450.000000  6.0985975e-01 
13460.000000  6.0933127e-01 
13470.000000  6.0880280e-01 
13480.000000  6.0827432e-01 
13490.000000  6.0774585e-01 
13500.000000  6.0721737e-01 
13510.000000  6.0668890e-01 
13520.000000  6.0616043e-01 
13530.000000  6.0563195e-01 
13540.000000  6.0510348e-01 
13550.000000  6.0457500e-01 
13560.000000  6.0404653e-01 
13570.000000  6.0351805e-01 
13580.000000  6.0298958e-01 
13590.000000  6.0246110e-01 
13600.000000  6.0193263e-01 
13610.000000  6.0140415e-01 
13620.000000  6.0087568e-01 
13630.000000  6.0034720e-01 
13640.000000  5.9981873e-01 
13650.000000  5.9929025e-01 
13660.000000  5.9876178e-01 
13670.000000  5.9823331e-01 
13680.000000  5.9770483e-01 
13690.000000  5.9717636e-01 
13700.000000  5.9664788e-01 
13710.000000  5.9611941e-01 
13720.000000  5.9559093e-01 
13730.000000  5.9506246e-01 
13740.000000  5.9453398e-01 
13750.000000  5.9400551e-01 
13760.000000  5.9347703e-01 
13770.000000  5.9294856e-01 
13780.000000  5.9242008e-01 
13790.000000  5.9189161e-01 
13800.000000  5.9136313e-01 
13810.000000  5.9083466e-01 
13820.000000  5.9030619e-01 
13830.000000  5.8977771e-01 
13840.000000  5.8924924e-01 
13850.000000  5.8872076e-01 
13860.000000  5.8819229e-01 
13870.000000  5.8766381e-01 
13880.000000  5.8713534e-01 
13890.000000  5.8660686e-01 
13900.000000  5.8607839e-01 
13910.000000  5.8554991e-01 
13920.000000  5.8502144e-01 
13930.000000  5.8449296e-01 
13940.000000  5.8396449e-01 
13950.000000  5.8343602e-01 
13960.000000  5.8290754e-01 
13970.000000  5.8237907e-01 
13980.000000  5.8185059e-01 
13990.000000  5.8132212e-01 
14000.000000  5.8079364e-01 
14010.000000  5.8026517e-01 
14020.000000  5.7973669e-01 
14030.000000  5.7920822e-01 
14040.000000  5.7867974e-01 
14050.000000  5.7815127e-01 
14060.000000  5.7762279e-01 
14070.000000  5.7709432e-01 
14080.000000  5.7656584e-01 
14090.000000  5.7603737e-01 
14100.000000  5.7550890e-01 
14110.000000  5.7498042e-01 
14120.000000  5.7445195e-01 
14130.000000  5.7392347e-01 
14140.000000  5.7339500e-01 
14150.000000  5.7286652e-01 
14160.000000  5.7233805e-01 
14170.000000  5.7180957e-01 
14180.000000  5.7128110e-01 
14190.000000  5.7075262e-01 
14200.000000  5.7022415e-01 
14210.000000  5.6969567e-01 
14220.000000  5.6916720e-01 
14230.000000  5.6863872e-01 
14240.000000  5.6811025e-01 
14250.000000  5.6758178e-01 
14260.000000  5.6705330e-01 
14270.000000  5.6652483e-01 
14280.000000  5.6599635e-01 
14290.000000  5.6546788e-01 
14300.000000  5.6493940e-01 
14310.000000  5.6441093e-01 
14320.000000  5.6388245e-01 
14330.000000  5.6335398e-01 
14340.000000  5.6282550e-01 
14350.000000  5.6229703e-01 
14360.000000  5.6176855e-01 
14370.000000  5.6124008e-01 
14380.000000  5.6071161e-01 
14390.000000  5.6018313e-01 
14400.000000  5.5965466e-01 
14410.000000  5.5912618e-01 
14420.000000  5.5859771e-01 
14430.000000  5.5806923e-01 
14440.000000  5.5754076e-01 
14450.000000  5.5701228e-01 
14460.000000  5.5648381e-01 
14470.000000  5.5595533e-01 
14480.000000  5.5542686e-01 
14490.000000  5.5489838e-01 
14500.000000  5.5436991e-01 
14510.000000  5.5384143e-01 
14520.000000  5.5331296e-01 
14530.000000  5.5278449e-01 
14540.000000  5.5225601e-01 
14550.000000  5.5172754e-01 
14560.000000  5.5119906e-01 
14570.000000  5.5067059e-01 
14580.000000  5.5014211e-01 
14590.000000  5.4961364e-01 
14600.000000  5.4908516e-01 
14610.000000  5.4855669e-01 
14620.000000  5.4802821e-01 
14630.000000  5.4749974e-01 
14640.000000  5.4697126e-01 
14650.000000  5.4644279e-01 
14660.000000  5.4591431e-01 
14670.000000  5.4538584e-01 
14680.000000  5.4485737e-01 
14690.000000  5.4432889e-01 
14700.000000  5.4380042e-01 
14710.000000  5.4327194e-01 
14720.000000  5.4274347e-01 
14730.000000  5.4221499e-01 
14740.000000  5.4168652e-01 
14750.000000  5.4115804e-01 
14760.000000  5.4062957e-01 
14770.000000  5.4010109e-01 
14780.000000  5.3957262e-01 
14790.000000  5.3904414e-01 
14800.000000  5.3851567e-01 
14810.000000  5.3798720e-01 
14820.000000  5.3745872e-01 
14830.000000  5.3693025e-01 
14840.000000  5.3640177e-01 
14850.000000  5.3587330e-01 
14860.000000  5.3534482e-01 
14870.000000  5.3481635e-01 
14880.000000  5.3428787e-01 
14890.000000  5.3375940e-01 
14900.000000  5.3323092e-01 
14910.000000  5.3270245e-01 
14920.000000  5.3217397e-01 
14930.000000  5.3164550e-01 
14940.000000  5.3111702e-01 
14950.000000  5.3058855e-01 
14960.000000  5.3006008e-01 
14970.000000  5.2953160e-01 
14980.000000  5.2900313e-01 
14990.000000  5.2847465e-01 
15000.000000  5.2794618e-01 
15010.000000  5.2741770e-01 
15020.000000  5.2688923e-01 
15030.000000  5.2636075e-01 
15040.000000  5.2583228e-01 
15050.000000  5.2530380e-01 
15060.000000  5.2477533e-01 
15070.000000  5.2424685e-01 
15080.000000  5.2371838e-01 
15090.000000  5.2318990e-01 
15100.000000  5.2266143e-01 
15110.000000  5.2213296e-01 
15120.000000  5.2160448e-01 
15130.000000  5.2107601e-01 
15140.000000  5.2054753e-01 
15150.000000  5.2001906e-01 
15160.000000  5.1949058e-01 
15170.000000  5.1896211e-01 
15180.000000  5.1843363e-01 
15190.000000  5.1790516e-01 
15200.000000  5.1737668e-01 
15210.000000  5.1684821e-01 
15220.000000  5.1631973e-01 
15230.000000  5.1579126e-01 
15240.000000  5.1526279e-01 
15250.000000  5.1473431e-01 
15260.000000  5.1420584e-01 
15270.000000  5.1367736e-01 
15280.000000  5.1314889e-01 
15290.000000  5.1262041e-01 
15300.000000  5.1209194e-01 
15310.000000  5.1156346e-01 
15320.000000  5.1103499e-01 
15330.000000  5.1050651e-01 
15340.000000  5.0997804e-01 
15350.000000  5.0944956e-01 
15360.000000  5.0892109e-01 
15370.000000  5.0839261e-01 
15380.000000  5.0786414e-01 
15390.000000  5.0733567e-01 
15400.000000  5.0680719e-01 
15410.000000  5.0627872e-01 
15420.000000  5.0575024e-01 
15430.000000  5.0522177e-01 
15440.000000  5.0469329e-01 
15450.000000  5.0416482e-01 
15460.000000  5.0363634e-01 
15470.000000  5.0310787e-01 
15480.000000  5.0257939e-01 
15490.000000  5.0205092e-01 
15500.000000  5.0152244e-01 
15510.000000  5.0099397e-01 
15520.000000  5.0046549e-01 
15530.000000  4.9993702e-01 
15540.000000  4.9940855e-01 
15550.000000  4.9888007e-01 
15560.000000  4.9835160e-01 
15570.000000  4.9782312e-01 
15580.000000  4.9729465e-01 
15590.000000  4.9676617e-01 
15600.000000  4.9623770e-01 
15610.000000  4.9570922e-01 
15620.000000  4.9518075e-01 
15630.000000  4.9465227e-01 
15640.000000  4.9412380e-01 
15650.000000  4.9359532e-01 
15660.000000  4.9306685e-01 
15670.000000  4.9253838e-01 
15680.000000  4.9200990e-01 
15690.000000  4.9148143e-01 
15700.000000  4.9095295e-01 
15710.000000  4.9042448e-01 
15720.000000  4.8989600e-01 
15730.000000  4.8936753e-01 
15740.000000  4.8883905e-01 
15750.000000  4.8831058e-01 
15760.000000  4.8778210e-01 
15770.000000  4.8725363e-01 
15780.000000  4.8672515e-01 
15790.000000  4.8619668e-01 
15800.000000  4.8566820e-01 
15810.000000  4.8513973e-01 
15820.000000  4.8461126e-01 
15830.000000  4.8408278e-01 
15840.000000  4.8355431e-01 
15850.000000  4.8302583e-01 
15860.000000  4.8249736e-01 
15870.000000  4.8196888e-01 
15880.000000  4.8144041e-01 
15890.000000  4.8091193e-01 
15900.000000  4.8038346e-01 
15910.000000  4.7985498e-01 
15920.000000  4.7932651e-01 
15930.000000  4.7879803e-01 
15940.000000  4.7826956e-01 
15950.000000  4.7774108e-01 
15960.000000  4.7721261e-01 
15970.000000  4.7668414e-01 
15980.000000  4.7615566e-01 
15990.000000  4.7562719e-01 
16000.000000  4.7509871e-01 
16010.000000  4.7457024e-01 
16020.000000  4.7404176e-01 
16030.000000  4.7351329e-01 
16040.000000  4.7298481e-01 
16050.000000  4.7245634e-01 
16060.000000  4.7192786e-01 
16070.000000  4.7139939e-01 
16080.000000  4.7087091e-01 
16090.000000  4.7034244e-01 
16100.000000  4.6981397e-01 
16110.000000  4.6928549e-01 
16120.000000  4.6875702e-01 
16130.000000  4.6822854e-01 
16140.000000  4.6770007e-01 
16150.000000  4.6717159e-01 
16160.000000  4.6664312e-01 
16170.000000  4.6611464e-01 
16180.000000  4.6558617e-01 
16190.000000  4.6505769e-01 
16200.000000  4.6452922e-01 
16210.000000  4.6400074e-01 
16220.000000  4.6347227e-01 
16230.000000  4.6294379e-01 
16240.000000  4.6241532e-01 
16250.000000  4.6188685e-01 
16260.000000  4.6135837e-01 
16270.000000  4.6082990e-01 
16280.000000  4.6030142e-01 
16290.000000  4.5977295e-01 
16300.000000  4.5924447e-01 
16310.000000  4.5871600e-01 
16320.000000  4.5818752e-01 
16330.000000  4.5765905e-01 
16340.000000  4.5713057e-01 
16350.000000  4.5660210e-01 
16360.000000  4.5607362e-01 
16370.000000  4.5554515e-01 
16380.000000  4.5501667e-01 
16390.000000  4.5448820e-01 
16400.000000  4.5395973e-01 
16410.000000  4.5343125e-01 
16420.000000  4.5290278e-01 
16430.000000  4.5237430e-01 
16440.000000  4.5184583e-01 
16450.000000  4.5131735e-01 
16460.000000  4.5078888e-01 
16470.000000  4.5026040e-01 
16480.000000  4.4973193e-01 
16490.000000  4.4920345e-01 
16500.000000  4.4867498e-01 
16510.000000  4.4814650e-01 
16520.000000  4.4761803e-01 
16530.000000  4.4708956e-01 
16540.000000  4.4656108e-01 
16550.000000  4.4603261e-01 
16560.000000  4.4550413e-01 
16570.000000  4.4497566e-01 
16580.000000  4.4444718e-01 
16590.000000  4.4391871e-01 
16600.000000  4.4339023e-01 
16610.000000  4.4286176e-01 
16620.000000  4.4233328e-01 
16630.000000  4.4180481e-01 
16640.000000  4.4127633e-01 
16650.000000  4.4074786e-01 
16660.000000  4.4021938e-01 
16670.000000  4.3969091e-01 
16680.000000  4.3916244e-01 
16690.000000  4.3863396e-01 
16700.000000  4.3810549e-01 
16710.000000  4.3757701e-01 
16720.000000  4.3704854e-01 
16730.000000  4.3652006e-01 
16740.000000  4.3599159e-01 
16750.000000  4.3546311e-01 
16760.000000  4.3493464e-01 
16770.000000  4.3440616e-01 
16780.000000  4.3387769e-01 
16790.000000  4.3334921e-01 
16800.000000  4.3282074e-01 
16810.000000  4.3229226e-01 
16820.000000  4.3176379e-01 
16830.000000  4.3123532e-01 
16840.000000  4.3070684e-01 
16850.000000  4.3017837e-01 
16860.000000  4.2964989e-01 
16870.000000  4.2912142e-01 
16880.000000  4.2859294e-01 
16890.000000  4.2806447e-01 
16900.000000  4.2753599e-01 
16910.000000  4.2700752e-01 
16920.000000  4.2647904e-01 
16930.000000  4.2595057e-01 
16940.000000  4.2542209e-01 
16950.000000  4.2489362e-01 
16960.000000  4.2436515e-01 
16970.000000  4.2383667e-01 
16980.000000  4.2330820e-01 
16990.000000  4.2277972e-01 
17000.000000  4.2225125e-01 
17010.000000  4.2172277e-01 
17020.000000  4.2119430e-01 
17030.000000  4.2066582e-01 
17040.000000  4.2013735e-01 
17050.000000  4.1960887e-01 
17060.000000  4.1908040e-01 
17070.000000  4.1855192e-01 
17080.000000  4.1802345e-01 
17090.000000  4.1749497e-01 
17100.000000  4.1696650e-01 
17110.000000  4.1643803e-01 
17120.000000  4.1590955e-01 
17130.000000  4.1538108e-01 
17140.000000  4.1485260e-01 
17150.000000  4.1432413e-01 
17160.000000  4.1379565e-01 
17170.000000  4.1326718e-01 
17180.000000  4.1273870e-01 
17190.000000  4.1221023e-01 
17200.000000  4.1168175e-01 
17210.000000  4.1115328e-01 
17220.000000  4.1062480e-01 
17230.000000  4.1009633e-01 
17240.000000  4.0956785e-01 
17250.000000  4.0903938e-01 
17260.000000  4.0851091e-01 
17270.000000  4.0798243e-01 
17280.000000  4.0745396e-01 
17290.000000  4.0692548e-01 
17300.000000  4.0639701e-01 
17310.000000  4.0586853e-01 
17320.000000  4.0534006e-01 
17330.000000  4.0481158e-01 
17340.000000  4.0428311e-01 
17350.000000  4.0375463e-01 
17360.000000  4.0322616e-01 
17370.000000  4.0269768e-01 
17380.000000  4.0216921e-01 
17390.000000  4.0164074e-01 
17400.000000  4.0111226e-01 
17410.000000  4.0058379e-01 
17420.000000  4.0005531e-01 
17430.000000  3.9952684e-01 
17440.000000  3.9899836e-01 
17450.000000  3.9846989e-01 
17460.000000  3.9794141e-01 
17470.000000  3.9741294e-01 
17480.000000  3.9688446e-01 
17490.000000  3.9635599e-01 
17500.000000  3.9582751e-01 
17510.000000  3.9529904e-01 
17520.000000  3.9477056e-01 
17530.000000  3.9424209e-01 
17540.000000  3.9371362e-01 
17550.000000  3.9318514e-01 
17560.000000  3.9265667e-01 
17570.000000  3.9212819e-01 
17580.000000  3.9159972e-01 
17590.000000  3.9107124e-01 
17600.000000  3.9054277e-01 
17610.000000  3.9001429e-01 
17620.000000  3.8948582e-01 
17630.000000  3.8895734e-01 
17640.000000  3.8842887e-01 
17650.000000  3.8790039e-01 
17660.000000  3.8737192e-01 
17670.000000  3.8684344e-01 
17680.000000  3.8631497e-01 
17690.000000  3.8578650e-01 
17700.000000  3.8525802e-01 
17710.000000  3.8472955e-01 
17720.000000  3.8420107e-01 
17730.000000  3.8367260e-01 
17740.000000  3.8314412e-01 
17750.000000  3.8261565e-01 
17760.000000  3.8208717e-01 
17770.000000  3.8155870e-01 
17780.000000  3.8103022e-01 
17790.000000  3.8050175e-01 
17800.000000  3.7997327e-01 
17810.000000  3.7944480e-01 
17820.000000  3.7891633e-01 
17830.000000  3.7838785e-01 
17840.000000  3.7785938e-01 
17850.000000  3.7733090e-01 
17860.000000  3.7680243e-01 
17870.000000  3.7627395e-01 
17880.000000  3.7574548e-01 
17890.000000  3.7521700e-01 
17900.000000  3.7468853e-01 
17910.000000  3.7416005e-01 
17920.000000  3.7363158e-01 
17930.000000  3.7310310e-01 
17940.000000  3.7257463e-01 
17950.000000  3.7204615e-01 
17960.000000  3.7151768e-01 
17970.000000  3.7098921e-01 
17980.000000  3.7046073e-01 
17990.000000  3.6993226e-01 
18000.000000  3.6940378e-01 
18010.000000  3.6887531e-01 
18020.000000  3.6834683e-01 
18030.000000  3.6781836e-01 
18040.000000  3.6728988e-01 
18050.000000  3.6676141e-01 
18060.000000  3.6623293e-01 
18070.000000  3.6570446e-01 
18080.000000  3.6517598e-01 
18090.000000  3.6464751e-01 
18100.000000  3.6411903e-01 
18110.000000  3.6359056e-01 
18120.000000  3.6306209e-01 
18130.000000  3.6253361e-01 
18140.000000  3.6200514e-01 
18150.000000  3.6147666e-01 
18160.000000  3.6094819e-01 
18170.000000  3.6041971e-01 
18180.000000  3.5989124e-01 
18190.000000  3.5936276e-01 
18200.000000  3.5883429e-01 
18210.000000  3.5830581e-01 
18220.000000  3.5777734e-01 
18230.000000  3.5724886e-01 
18240.000000  3.5672039e-01 
18250.000000  3.5619192e-01 
18260.000000  3.5566344e-01 
18270.000000  3.5513497e-01 
18280.000000  3.5460649e-01 
18290.000000  3.5407802e-01 
18300.000000  3.5354954e-01 
18310.000000  3.5302107e-01 
18320.000000  3.5249259e-01 
18330.000000  3.5196412e-01 
18340.000000  3.5143564e-01 
18350.000000  3.5090717e-01 
18360.000000  3.5037869e-01 
18370.000000  3.4985022e-01 
18380.000000  3.4932174e-01 
18390.000000  3.4879327e-01 
18400.000000  3.4826480e-01 
18410.000000  3.4773632e-01 
18420.000000  3.4720785e-01 
18430.000000  3.4667937e-01 
18440.000000  3.4615090e-01 
18450.000000  3.4562242e-01 
18460.000000  3.4509395e-01 
18470.000000  3.4456547e-01 
18480.000000  3.4403700e-01 
18490.000000  3.4350852e-01 
18500.000000  3.4298005e-01 
18510.000000  3.4245157e-01 
18520.000000  3.4192310e-01 
18530.000000  3.4139462e-01 
18540.000000  3.4086615e-01 
18550.000000  3.4033768e-01 
18560.000000  3.3980920e-01 
18570.000000  3.3928073e-01 
18580.000000  3.3875225e-01 
18590.000000  3.3822378e-01 
18600.000000  3.3769530e-01 
18610.000000  3.3716683e-01 
18620.000000  3.3663835e-01 
18630.000000  3.3610988e-01 
18640.000000  3.3558140e-01 
18650.000000  3.3505293e-01 
18660.000000  3.3452445e-01 
18670.000000  3.3399598e-01 
18680.000000  3.3346751e-01 
18690.000000  3.3293903e-01 
18700.000000  3.3241056e-01 
18710.000000  3.3188208e-01 
18720.000000  3.3135361e-01 
18730.000000  3.3082513e-01 
18740.000000  3.3029666e-01 
18750.000000  3.2976818e-01 
18760.000000  3.2923971e-01 
18770.000000  3.2871123e-01 
18780.000000  3.2818276e-01 
18790.000000  3.2765428e-01 
18800.000000  3.2712581e-01 
18810.000000  3.2659733e-01 
18820.000000  3.2606886e-01 
18830.000000  3.2554039e-01 
18840.000000  3.2501191e-01 
18850.000000  3.2448344e-01 
18860.000000  3.2395496e-01 
18870.000000  3.2342649e-01 
18880.000000  3.2289801e-01 
18890.000000  3.2236954e-01 
18900.000000  3.2184106e-01 
18910.000000  3.2131259e-01 
18920.000000  3.2078411e-01 
18930.000000  3.2025564e-01 
18940.000000  3.1972716e-01 
18950.000000  3.1919869e-01 
18960.000000  3.1867021e-01 
18970.000000  3.1814174e-01 
18980.000000  3.1761327e-01 
18990.000000  3.1708479e-01 
19000.000000  3.1655632e-01 
19010.000000  3.1602784e-01 
19020.000000  3.1549937e-01 
19030.000000  3.1497089e-01 
19040.000000  3.1444242e-01 
19050.000000  3.1391394e-01 
19060.000000  3.1338547e-01 
19070.000000  3.1285699e-01 
19080.000000  3.1232852e-01 
19090.000000  3.1180004e-01 
19100.000000  3.1127157e-01 
19110.000000  3.1074310e-01 
19120.000000  3.1021462e-01 
19130.000000  3.0968615e-01 
19140.000000  3.0915767e-01 
19150.000000  3.0862920e-01 
19160.000000  3.0810072e-01 
19170.000000  3.0757225e-01 
19180.000000  3.0704377e-01 
19190.000000  3.0651530e-01 
19200.000000  3.0598682e-01 
19210.000000  3.0545835e-01 
19220.000000  3.0492987e-01 
19230.000000  3.0440140e-01 
19240.000000  3.0387292e-01 
19250.000000  3.0334445e-01 
19260.000000  3.0281598e-01 
19270.000000  3.0228750e-01 
19280.000000  3.0175903e-01 
19290.000000  3.0123055e-01 
19300.000000  3.0070208e-01 
19310.000000  3.0017360e-01 
19320.000000  2.9964513e-01 
19330.000000  2.9911665e-01 
19340.000000  2.9858818e-01 
19350.000000  2.9805970e-01 
19360.000000  2.9753123e-01 
19370.000000  2.9700275e-01 
19380.000000  2.9647428e-01 
19390.000000  2.9594580e-01 
19400.000000  2.9541733e-01 
19410.000000  2.9488886e-01 
19420.000000  2.9436038e-01 
19430.000000  2.9383191e-01 
19440.000000  2.9330343e-01 
19450.000000  2.9277496e-01 
19460.000000  2.9224648e-01 
19470.000000  2.9171801e-01 
19480.000000  2.9118953e-01 
19490.000000  2.9066106e-01 
19500.000000  2.9013258e-01 
19510.000000  2.8960411e-01 
19520.000000  2.8907563e-01 
19530.000000  2.8854716e-01 
19540.000000  2.8801869e-01 
19550.000000  2.8749021e-01 
19560.000000  2.8696174e-01 
19570.000000  2.8643326e-01 
19580.000000  2.8590479e-01 
19590.000000  2.8537631e-01 
19600.000000  2.8484784e-01 
19610.000000  2.8431936e-01 
19620.000000  2.8379089e-01 
19630.000000  2.8326241e-01 
19640.000000  2.8273394e-01 
19650.000000  2.8220546e-01 
19660.000000  2.8167699e-01 
19670.000000  2.8114851e-01 
19680.000000  2.8062004e-01 
19690.000000  2.8009157e-01 
19700.000000  2.7956309e-01 
19710.000000  2.7903462e-01 
19720.000000  2.7850614e-01 
19730.000000  2.7797767e-01 
19740.000000  2.7744919e-01 
19750.000000  2.7692072e-01 
19760.000000  2.7639224e-01 
19770.000000  2.7586377e-01 
19780.000000  2.7533529e-01 
19790.000000  2.7480682e-01 
19800.000000  2.7427834e-01 
19810.000000  2.7374987e-01 
19820.000000  2.7322139e-01 
19830.000000  2.7269292e-01 
19840.000000  2.7216445e-01 
19850.000000  2.7163597e-01 
19860.000000  2.7110750e-01 
19870.000000  2.7057902e-01 
19880.000000  2.7005055e-01 
19890.000000  2.6952207e-01 
19900.000000  2.6899360e-01 
19910.000000  2.6846512e-01 
19920.000000  2.6793665e-01 
19930.000000  2.6740817e-01 
19940.000000  2.6687970e-01 
19950.000000  2.6635122e-01 
19960.000000  2.6582275e-01 
19970.000000  2.6529428e-01 
19980.000000  2.6476580e-01 
19990.000000  2.6423733e-01 
20000.000000  2.6370885e-01 
20010.000000  2.6318038e-01 
20020.000000  2.6265190e-01 
20030.000000  2.6212343e-01 
20040.000000  2.6159495e-01 
20050.000000  2.6106648e-01 
20060.000000  2.6053800e-01 
20070.000000  2.6000953e-01 
20080.000000  2.5948105e-01 
20090.000000  2.5895258e-01 
20100.000000  2.5842410e-01 
20110.000000  2.5789563e-01 
20120.000000  2.5736716e-01 
20130.000000  2.5683868e-01 
20140.000000  2.5631021e-01 
20150.000000  2.5578173e-01 
20160.000000  2.5525326e-01 
20170.000000  2.5472478e-01 
20180.000000  2.5419631e-01 
20190.000000  2.5366783e-01 
20200.000000  2.5313936e-01 
20210.000000  2.5261088e-01 
20220.000000  2.5208241e-01 
20230.000000  2.5155393e-01 
20240.000000  2.5102546e-01 
20250.000000  2.5049698e-01 
20260.000000  2.4996851e-01 
20270.000000  2.4944004e-01 
20280.000000  2.4891156e-01 
20290.000000  2.4838309e-01 
20300.000000  2.4785461e-01 
20310.000000  2.4732614e-01 
20320.000000  2.4679766e-01 
20330.000000  2.4626919e-01 
20340.000000  2.4574071e-01 
20350.000000  2.4521224e-01 
20360.000000  2.4468376e-01 
20370.000000  2.4415529e-01 
20380.000000  2.4362681e-01 
20390.000000  2.4309834e-01 
20400.000000  2.4256987e-01 
20410.000000  2.4204139e-01 
20420.000000  2.4151292e-01 
20430.000000  2.4098444e-01 
20440.000000  2.4045597e-01 
20450.000000  2.3992749e-01 
20460.000000  2.3939902e-01 
20470.000000  2.3887054e-01 
20480.000000  2.3834207e-01 
20490.000000  2.3781359e-01 
20500.000000  2.3728512e-01 
20510.000000  2.3675664e-01 
20520.000000  2.3622817e-01 
20530.000000  2.3569969e-01 
20540.000000  2.3517122e-01 
20550.000000  2.3464275e-01 
20560.000000  2.3411427e-01 
20570.000000  2.3358580e-01 
20580.000000  2.3305732e-01 
20590.000000  2.3252885e-01 
20600.000000  2.3200037e-01 
20610.000000  2.3147190e-01 
20620.000000  2.3094342e-01 
20630.000000  2.3041495e-01 
20640.000000  2.2988647e-01 
20650.000000  2.2935800e-01 
20660.000000  2.2882952e-01 
20670.000000  2.2830105e-01 
20680.000000  2.2777257e-01 
20690.000000  2.2724410e-01 
20700.000000  2.2671563e-01 
20710.000000  2.2618715e-01 
20720.000000  2.2565868e-01 
20730.000000  2.2513020e-01 
20740.000000  2.2460173e-01 
20750.000000  2.2407325e-01 
20760.000000  2.2354478e-01 
20770.000000  2.2301630e-01 
20780.000000  2.2248783e-01 
20790.000000  2.2195935e-01 
20800.000000  2.2143088e-01 
20810.000000  2.2090240e-01 
20820.000000  2.2037393e-01 
20830.000000  2.1984546e-01 
20840.000000  2.1931698e-01 
20850.000000  2.1878851e-01 
20860.000000  2.1826003e-01 
20870.000000  2.1773156e-01 
20880.000000  2.1720308e-01 
20890.000000  2.1667461e-01 
20900.000000  2.1614613e-01 
20910.000000  2.1561766e-01 
20920.000000  2.1508918e-01 
20930.000000  2.1456071e-01 
20940.000000  2.1403223e-01 
20950.000000  2.1350376e-01 
20960.000000  2.1297528e-01 
20970.000000  2.1244681e-01 
20980.000000  2.1191834e-01 
20990.000000  2.1138986e-01 
21000.000000  2.1086139e-01 
21010.000000  2.1033291e-01 
21020.000000  2.0980444e-01 
21030.000000  2.0927596e-01 
21040.000000  2.0874749e-01 
21050.000000  2.0821901e-01 
21060.000000  2.0769054e-01 
21070.000000  2.0716206e-01 
21080.000000  2.0663359e-01 
21090.000000  2.0610511e-01 
21100.000000  2.0557664e-01 
21110.000000  2.0504816e-01 
21120.000000  2.0451969e-01 
21130.000000  2.0399122e-01 
21140.000000  2.0346274e-01 
21150.000000  2.0293427e-01 
21160.000000  2.0240579e-01 
21170.000000  2.0187732e-01 
21180.000000  2.0134884e-01 
21190.000000  2.0082037e-01 
21200.000000  2.0029189e-01 
21210.000000  1.9976342e-01 
21220.000000  1.9923494e-01 
21230.000000  1.9870647e-01 
21240.000000  1.9817799e-01 
21250.000000  1.9764952e-01 
21260.000000  1.9712104e-01 
21270.000000  1.9659257e-01 
21280.000000  1.9606410e-01 
21290.000000  1.9553562e-01 
21300.000000  1.9500715e-01 
21310.000000  1.9447867e-01 
21320.000000  1.9395020e-01 
21330.000000  1.9342172e-01 
21340.000000  1.9289325e-01 
21350.000000  1.9236477e-01 
21360.000000  1.9183630e-01 
21370.000000  1.9130782e-01 
21380.000000  1.9077935e-01 
21390.000000  1.9025087e-01 
21400.000000  1.8972240e-01 
21410.000000  1.8919393e-01 
21420.000000  1.8866545e-01 
21430.000000  1.8813698e-01 
21440.000000  1.8760850e-01 
21450.000000  1.8708003e-01 
21460.000000  1.8655155e-01 
21470.000000  1.8602308e-01 
21480.000000  1.8549460e-01 
21490.000000  1.8496613e-01 
21500.000000  1.8443765e-01 
21510.000000  1.8390918e-01 
21520.000000  1.8338070e-01 
21530.000000  1.8285223e-01 
21540.000000  1.8232375e-01 
21550.000000  1.8179528e-01 
21560.000000  1.8126681e-01 
21570.000000  1.8073833e-01 
21580.000000  1.8020986e-01 
21590.000000  1.7968138e-01 
21600.000000  1.7915291e-01 
21610.000000  1.7862443e-01 
21620.000000  1.7809596e-01 
21630.000000  1.7756748e-01 
21640.000000  1.7703901e-01 
21650.000000  1.7651053e-01 
21660.000000  1.7598206e-01 
21670.000000  1.7545358e-01 
21680.000000  1.7492511e-01 
21690.000000  1.7439663e-01 
21700.000000  1.7386816e-01 
21710.000000  1.7333969e-01 
21720.000000  1.7281121e-01 
21730.000000  1.7228274e-01 
21740.000000  1.7175426e-01 
21750.000000  1.7122579e-01 
21760.000000  1.7069731e-01 
21770.000000  1.7016884e-01 
21780.000000  1.6964036e-01 
21790.000000  1.6911189e-01 
21800.000000  1.6858341e-01 
21810.000000  1.6805494e-01 
21820.000000  1.6752646e-01 
21830.000000  1.6699799e-01 
21840.000000  1.6646952e-01 
21850.000000  1.6594104e-01 
21860.000000  1.6541257e-01 
21870.000000  1.6488409e-01 
21880.000000  1.6435562e-01 
21890.000000  1.6382714e-01 
21900.000000  1.6329867e-01 
21910.000000  1.6277019e-01 
21920.000000  1.6224172e-01 
21930.000000  1.6171324e-01 
21940.000000  1.6118477e-01 
21950.000000  1.6065629e-01 
21960.000000  1.6012782e-01 
21970.000000  1.5959934e-01 
21980.000000  1.5907087e-01 
21990.000000  1.5854240e-01 
22000.000000  1.5801392e-01 
22010.000000  1.5748545e-01 
22020.000000  1.5695697e-01 
22030.000000  1.5642850e-01 
22040.000000  1.5590002e-01 
22050.000000  1.5537155e-01 
22060.000000  1.5484307e-01 
22070.000000  1.5431460e-01 
22080.000000  1.5378612e-01 
22090.000000  1.5325765e-01 
22100.000000  1.5272917e-01 
22110.000000  1.5220070e-01 
22120.000000  1.5167222e-01 
22130.000000  1.5114375e-01 
22140.000000  1.5061528e-01 
22150.000000  1.5008680e-01 
22160.000000  1.4955833e-01 
22170.000000  1.4902985e-01 
22180.000000  1.4850138e-01 
22190.000000  1.4797290e-01 
22200.000000  1.4744443e-01 
22210.000000  1.4691595e-01 
22220.000000  1.4638748e-01 
22230.000000  1.4585900e-01 
22240.000000  1.4533053e-01 
22250.000000  1.4480205e-01 
22260.000000  1.4427358e-01 
22270.000000  1.4374511e-01 
22280.000000  1.4321663e-01 
22290.000000  1.4268816e-01 
22300.000000  1.4215968e-01 
22310.000000  1.4163121e-01 
22320.000000  1.4110273e-01 
22330.000000  1.4057426e-01 
22340.000000  1.4004578e-01 
22350.000000  1.3951731e-01 
22360.000000  1.3898883e-01 
22370.000000  1.3846036e-01 
22380.000000  1.3793188e-01 
22390.000000  1.3740341e-01 
22400.000000  1.3687493e-01 
22410.000000  1.3634646e-01 
22420.000000  1.3581799e-01 
22430.000000  1.3528951e-01 
22440.000000  1.3476104e-01 
22450.000000  1.3423256e-01 
22460.000000  1.3370409e-01 
22470.000000  1.3317561e-01 
22480.000000  1.3264714e-01 
22490.000000  1.3211866e-01 
22500.000000  1.3159019e-01 
22510.000000  1.3106171e-01 
22520.000000  1.3053324e-01 
22530.000000  1.3000476e-01 
22540.000000  1.2947629e-01 
22550.000000  1.2894781e-01 
22560.000000  1.2841934e-01 
22570.000000  1.2789087e-01 
22580.000000  1.2736239e-01 
22590.000000  1.2683392e-01 
22600.000000  1.2630544e-01 
22610.000000  1.2577697e-01 
22620.000000  1.2524849e-01 
22630.000000  1.2472002e-01 
22640.000000  1.2419154e-01 
22650.000000  1.2366307e-01 
22660.000000  1.2313459e-01 
22670.000000  1.2260612e-01 
22680.000000  1.2207764e-01 
22690.000000  1.2154917e-01 
22700.000000  1.2102070e-01 
22710.000000  1.2049222e-01 
22720.000000  1.1996375e-01 
22730.000000  1.1943527e-01 
22740.000000  1.1890680e-01 
22750.000000  1.1837832e-01 
22760.000000  1.1784985e-01 
22770.000000  1.1732137e-01 
22780.000000  1.1679290e-01 
22790.000000  1.1626442e-01 
22800.000000  1.1573595e-01 
22810.000000  1.1520747e-01 
22820.000000  1.1467900e-01 
22830.000000  1.1415052e-01 
22840.000000  1.1362205e-01 
22850.000000  1.1309358e-01 
22860.000000  1.1256510e-01 
22870.000000  1.1203663e-01 
22880.000000  1.1150815e-01 
22890.000000  1.1097968e-01 
22900.000000  1.1045120e-01 
22910.000000  1.0992273e-01 
22920.000000  1.0939425e-01 
22930.000000  1.0886578e-01 
22940.000000  1.0833730e-01 
22950.000000  1.0780883e-01 
22960.000000  1.0728035e-01 
22970.000000  1.0675188e-01 
22980.000000  1.0622340e-01 
22990.000000  1.0569493e-01 
23000.000000  1.0516646e-01 
23010.000000  1.0463798e-01 
23020.000000  1.0410951e-01 
23030.000000  1.0358103e-01 
23040.000000  1.0305256e-01 
23050.000000  1.0252408e-01 
23060.000000  1.0199561e-01 
23070.000000  1.0146713e-01 
23080.000000  1.0093866e-01 
23090.000000  1.0041018e-01 
23100.000000  9.9881709e-02 
23110.000000  9.9353234e-02 
23120.000000  9.8824760e-02 
23130.000000  9.8296285e-02 
23140.000000  9.7767811e-02 
23150.000000  9.7239336e-02 
23160.000000  9.6710861e-02 
23170.000000  9.6182387e-02 
23180.000000  9.5653912e-02 
23190.000000  9.5125437e-02 
23200.000000  9.4596963e-02 
23210.000000  9.4068488e-02 
23220.000000  9.3540013e-02 
23230.000000  9.3011539e-02 
23240.000000  9.2483064e-02 
23250.000000  9.1954589e-02 
23260.000000  9.1426115e-02 
23270.000000  9.0897640e-02 
23280.000000  9.0369165e-02 
23290.000000  8.9840691e-02 
23300.000000  8.9312216e-02 
23310.000000  8.8783741e-02 
23320.000000  8.8255267e-02 
23330.000000  8.7726792e-02 
23340.000000  8.7198317e-02 
23350.000000  8.6669843e-02 
23360.000000  8.6141368e-02 
23370.000000  8.5612894e-02 
23380.000000  8.5084419e-02 
23390.000000  8.4555944e-02 
23400.000000  8.4027470e-02 
23410.000000  8.3498995e-02 
23420.000000  8.2970520e-02 
23430.000000  8.2442046e-02 
23440.000000  8.1913571e-02 
23450.000000  8.1385096e-02 
23460.000000  8.0856622e-02 
23470.000000  8.0328147e-02 
23480.000000  7.9799672e-02 
23490.000000  7.9271198e-02 
23500.000000  7.8742723e-02 
23510.000000  7.8214248e-02 
23520.000000  7.7685774e-02 
23530.000000  7.7157299e-02 
23540.000000  7.6628824e-02 
23550.000000  7.6100350e-02 
23560.000000  7.5571875e-02 
23570.000000  7.5043401e-02 
23580.000000  7.4514926e-02 
23590.000000  7.3986451e-02 
23600.000000  7.3457977e-02 
23610.000000  7.2929502e-02 
23620.000000  7.2401027e-02 
23630.000000  7.1872553e-02 
23640.000000  7.1344078e-02 
23650.000000  7.0815603e-02 
23660.000000  7.0287129e-02 
23670.000000  6.9758654e-02 
23680.000000  6.9230179e-02 
23690.000000  6.8701705e-02 
23700.000000  6.8173230e-02 
23710.000000  6.7644755e-02 
23720.000000  6.7116281e-02 
23730.000000  6.6587806e-02 
23740.000000  6.6059331e-02 
23750.000000  6.5530857e-02 
23760.000000  6.5002382e-02 
23770.000000  6.4473907e-02 
23780.000000  6.3945433e-02 
23790.000000  6.3416958e-02 
23800.000000  6.2888484e-02 
23810.000000  6.2360009e-02 
23820.000000  6.1831534e-02 
23830.000000  6.1303060e-02 
23840.000000  6.0774585e-02 
23850.000000  6.0246110e-02 
23860.000000  5.9717636e-02 
23870.000000  5.9189161e-02 
23880.000000  5.8660686e-02 
23890.000000  5.8132212e-02 
23900.000000  5.7603737e-02 
23910.000000  5.7075262e-02 
23920.000000  5.6546788e-02 
23930.000000  5.6018313e-02 
23940.000000  5.5489838e-02 
23950.000000  5.4961364e-02 
23960.000000  5.4432889e-02 
23970.000000  5.3904414e-02 
23980.000000  5.3375940e-02 
23990.000000  5.2847465e-02 
24000.000000  5.2318990e-02 
24010.000000  5.1790516e-02 
24020.000000  5.1262041e-02 
24030.000000  5.0733567e-02 
24040.000000  5.0205092e-02 
24050.000000  4.9676617e-02 
24060.000000  4.9148143e-02 
24070.000000  4.8619668e-02 
24080.000000  4.8091193e-02 
24090.000000  4.7562719e-02 
24100.000000  4.7034244e-02 
24110.000000  4.6505769e-02 
24120.000000  4.5977295e-02 
24130.000000  4.5448820e-02 
24140.000000  4.4920345e-02 
24150.000000  4.4391871e-02 
24160.000000  4.3863396e-02 
24170.000000  4.3334921e-02 
24180.000000  4.2806447e-02 
24190.000000  4.2277972e-02 
24200.000000  4.1749497e-02 
24210.000000  4.1221023e-02 
24220.000000  4.0692548e-02 
24230.000000  4.0164074e-02 
24240.000000  3.9635599e-02 
24250.000000  3.9107124e-02 
24260.000000  3.8578650e-02 
24270.000000  3.8050175e-02 
24280.000000  3.7521700e-02 
24290.000000  3.6993226e-02 
24300.000000  3.6464751e-02 
24310.000000  3.5936276e-02 
24320.000000  3.5407802e-02 
24330.000000  3.4879327e-02 
24340.000000  3.4350852e-02 
24350.000000  3.3822378e-02 
24360.000000  3.3293903e-02 
24370.000000  3.2765428e-02 
24380.000000  3.2236954e-02 
24390.000000  3.1708479e-02 
24400.000000  3.1180004e-02 
24410.000000  3.0651530e-02 
24420.000000  3.0123055e-02 
24430.000000  2.9594580e-02 
24440.000000  2.9066106e-02 
24450.000000  2.8537631e-02 
24460.000000  2.8009157e-02 
24470.000000  2.7480682e-02 
24480.000000  2.6952207e-02 
24490.000000  2.6423733e-02 
24500.000000  2.5895258e-02 
24510.000000  2.5366783e-02 
24520.000000  2.4838309e-02 
24530.000000  2.4309834e-02 
24540.000000  2.3781359e-02 
24550.000000  2.3252885e-02 
24560.000000  2.2724410e-02 
24570.000000  2.2195935e-02 
24580.000000  2.1667461e-02 
24590.000000  2.1138986e-02 
24600.000000  2.0610511e-02 
24610.000000  2.0082037e-02 
24620.000000  1.9553562e-02 
24630.000000  1.9025087e-02 
24640.000000  1.8496613e-02 
24650.000000  1.7968138e-02 
24660.000000  1.7439663e-02 
24670.000000  1.6911189e-02 
24680.000000  1.6382714e-02 
24690.000000  1.5854240e-02 
24700.000000  1.5325765e-02 
24710.000000  1.4797290e-02 
24720.000000  1.4268816e-02 
24730.000000  1.3740341e-02 
24740.000000  1.3211866e-02 
24750.000000  1.2683392e-02 
24760.000000  1.2154917e-02 
24770.000000  1.1626442e-02 
24780.000000  1.1097968e-02 
24790.000000  1.0569493e-02 
24800.000000  1.0041018e-02 
24810.000000  9.5125437e-03 
24820.000000  8.9840691e-03 
24830.000000  8.4555944e-03 
24840.000000  7.9271198e-03 
24850.000000  7.3986451e-03 
24860.000000  6.8701705e-03 
24870.000000  6.3416958e-03 
24880.000000  5.8132212e-03 
24890.000000  5.2847465e-03 
24900.000000  4.7562719e-03 
24910.000000  4.2277972e-03 
24920.000000  3.6993226e-03 
24930.000000  3.1708479e-03 
24940.000000  2.6423733e-03 
24950.000000  2.1138986e-03 
24960.000000  1.5854240e-03 
24970.000000  1.0569493e-03 
24980.000000  5.2847465e-04 
24990.000000  0.0000000e+00 
